376,
379,
383,
387,
393,
396,
400,
405,
407,
410,
411,
411,
408,
406,
401,
394,
389,
380,
373,
366,
362,
358,
356,
353,
350,
348,
346,
346,
346,
345,
343,
343,
344,
343,
341,
341,
342,
340,
342,
343,
342,
342,
343,
343,
343,
343,
344,
342,
343,
344,
343,
343,
343,
342,
341,
342,
340,
340,
341,
342,
341,
339,
339,
339,
340,
340,
339,
338,
337,
336,
337,
338,
339,
339,
340,
340,
336,
338,
337,
337,
336,
337,
337,
336,
338,
336,
337,
339,
340,
340,
340,
340,
340,
342,
346,
347,
349,
347,
345,
343,
340,
337,
338,
337,
337,
336,
336,
336,
333,
333,
343,
374,
429,
465,
429,
369,
335,
320,
320,
328,
336,
341,
345,
344,
345,
346,
347,
348,
349,
350,
350,
351,
353,
354,
356,
359,
357,
359,
362,
364,
364,
368,
373,
376,
379,
383,
385,
389,
393,
395,
397,
401,
400,
398,
396,
391,
383,
377,
370,
362,
358,
353,
348,
344,
343,
339,
338,
339,
339,
336,
335,
336,
334,
334,
333,
332,
333,
333,
334,
332,
333,
333,
332,
333,
334,
333,
333,
333,
333,
333,
334,
332,
331,
332,
332,
330,
330,
328,
329,
330,
330,
329,
330,
331,
329,
328,
328,
326,
329,
329,
328,
327,
329,
329,
329,
327,
327,
326,
327,
327,
327,
328,
327,
328,
328,
330,
330,
329,
330,
331,
330,
333,
336,
339,
338,
338,
337,
337,
333,
329,
329,
329,
328,
328,
327,
329,
328,
327,
327,
345,
386,
439,
443,
393,
345,
322,
313,
317,
326,
332,
337,
339,
341,
343,
345,
346,
346,
347,
343,
345,
349,
352,
350,
352,
354,
355,
357,
360,
363,
366,
368,
368,
374,
377,
381,
384,
390,
393,
396,
400,
400,
399,
397,
391,
385,
378,
373,
365,
360,
355,
349,
346,
344,
341,
336,
337,
335,
334,
334,
334,
334,
333,
334,
332,
335,
336,
339,
336,
333,
330,
329,
331,
331,
334,
336,
334,
334,
335,
337,
337,
334,
332,
335,
335,
333,
333,
332,
332,
332,
333,
333,
336,
332,
331,
332,
333,
334,
332,
331,
332,
333,
333,
333,
331,
330,
332,
329,
332,
333,
335,
336,
335,
334,
334,
333,
335,
336,
336,
337,
338,
339,
341,
344,
347,
348,
347,
349,
346,
342,
340,
340,
339,
340,
340,
339,
340,
339,
336,
339,
355,
398,
456,
466,
417,
368,
344,
338,
341,
350,
351,
350,
351,
355,
358,
357,
360,
360,
360,
362,
362,
361,
363,
365,
364,
367,
368,
371,
372,
375,
378,
380,
384,
386,
391,
396,
400,
404,
408,
410,
413,
413,
414,
411,
408,
402,
396,
391,
386,
378,
372,
368,
364,
360,
358,
358,
356,
357,
358,
355,
356,
355,
354,
353,
355,
354,
352,
354,
353,
352,
355,
354,
351,
352,
352,
352,
352,
352,
351,
349,
351,
350,
351,
350,
350,
349,
349,
350,
350,
350,
349,
349,
348,
349,
348,
348,
347,
346,
347,
349,
348,
347,
348,
349,
347,
347,
348,
347,
347,
347,
348,
348,
348,
346,
345,
344,
346,
347,
346,
347,
347,
346,
348,
352,
354,
357,
356,
355,
354,
350,
346,
345,
345,
344,
344,
343,
342,
341,
341,
340,
353,
387,
445,
475,
433,
374,
343,
331,
334,
341,
349,
351,
352,
352,
351,
353,
354,
353,
355,
355,
356,
356,
356,
358,
360,
361,
360,
363,
366,
367,
367,
371,
373,
377,
381,
385,
390,
395,
397,
400,
401,
402,
401,
400,
395,
390,
383,
376,
368,
362,
356,
351,
348,
345,
341,
338,
337,
335,
334,
334,
332,
332,
333,
331,
332,
333,
332,
330,
332,
330,
328,
327,
328,
327,
327,
327,
324,
322,
328,
324,
321,
325,
324,
321,
325,
326,
319,
320,
323,
319,
318,
321,
318,
317,
322,
321,
317,
323,
323,
316,
321,
325,
318,
321,
325,
318,
319,
326,
320,
316,
322,
320,
316,
322,
323,
317,
320,
324,
324,
327,
330,
327,
326,
328,
322,
319,
321,
319,
317,
319,
320,
317,
320,
319,
319,
337,
379,
427,
428,
376,
326,
304,
300,
304,
310,
321,
326,
328,
331,
333,
331,
334,
338,
337,
338,
342,
342,
342,
345,
346,
345,
349,
351,
351,
355,
359,
361,
365,
371,
373,
377,
385,
387,
390,
395,
397,
397,
398,
396,
389,
385,
381,
373,
365,
360,
353,
347,
345,
340,
336,
338,
336,
333,
334,
335,
332,
332,
334,
333,
333,
334,
333,
334,
335,
335,
334,
336,
337,
335,
338,
339,
338,
338,
340,
339,
338,
340,
339,
337,
337,
337,
337,
336,
336,
336,
336,
338,
337,
338,
339,
337,
338,
339,
340,
339,
338,
339,
338,
338,
338,
338,
338,
338,
338,
337,
339,
340,
342,
342,
341,
341,
343,
345,
347,
349,
353,
353,
353,
353,
349,
346,
343,
343,
343,
343,
342,
344,
344,
343,
341,
353,
385,
442,
473,
435,
378,
346,
333,
337,
343,
351,
353,
356,
356,
358,
359,
359,
360,
360,
362,
362,
361,
363,
364,
365,
367,
369,
371,
372,
374,
377,
380,
384,
386,
390,
391,
396,
401,
406,
409,
410,
412,
412,
412,
408,
403,
397,
389,
383,
376,
370,
364,
360,
357,
352,
347,
344,
342,
346,
346,
349,
348,
349,
346,
345,
344,
344,
342,
342,
342,
342,
342,
342,
340,
340,
339,
339,
341,
341,
342,
342,
342,
342,
342,
341,
339,
338,
339,
340,
341,
341,
338,
336,
338,
338,
337,
337,
338,
337,
337,
338,
337,
336,
339,
337,
336,
335,
336,
336,
336,
338,
338,
339,
340,
340,
339,
340,
340,
344,
346,
348,
347,
347,
345,
342,
338,
338,
337,
337,
338,
338,
337,
336,
333,
334,
356,
395,
451,
460,
407,
354,
330,
323,
329,
337,
343,
343,
344,
345,
346,
347,
348,
349,
350,
351,
351,
352,
352,
353,
355,
355,
359,
361,
362,
364,
366,
369,
372,
377,
380,
384,
389,
392,
396,
397,
404,
402,
396,
397,
394,
392,
386,
380,
375,
369,
362,
356,
352,
348,
345,
343,
341,
340,
342,
344,
345,
344,
342,
341,
341,
341,
342,
341,
342,
342,
341,
343,
341,
341,
343,
343,
342,
343,
342,
340,
340,
341,
338,
338,
340,
333,
332,
338,
337,
338,
340,
339,
336,
336,
334,
333,
334,
337,
333,
333,
337,
336,
335,
338,
338,
336,
339,
340,
335,
338,
343,
342,
345,
350,
345,
343,
342,
337,
335,
336,
334,
332,
335,
334,
332,
333,
333,
336,
364,
418,
458,
428,
367,
324,
306,
309,
317,
323,
336,
341,
339,
343,
346,
346,
347,
350,
348,
347,
351,
353,
352,
355,
357,
356,
359,
361,
360,
365,
369,
371,
374,
381,
384,
387,
394,
395,
396,
401,
402,
400,
399,
396,
389,
385,
378,
371,
364,
359,
353,
347,
343,
342,
338,
337,
336,
332,
333,
333,
330,
329,
331,
330,
329,
333,
331,
330,
331,
332,
329,
332,
331,
330,
333,
332,
332,
332,
335,
333,
332,
333,
331,
328,
330,
331,
328,
331,
333,
327,
329,
331,
330,
329,
331,
328,
330,
331,
330,
329,
331,
333,
330,
331,
336,
336,
341,
343,
342,
339,
338,
333,
330,
331,
330,
327,
330,
331,
328,
329,
329,
334,
361,
416,
457,
434,
377,
338,
321,
320,
327,
333,
340,
344,
341,
343,
346,
345,
346,
348,
348,
348,
351,
352,
352,
356,
356,
356,
359,
363,
364,
366,
371,
373,
377,
383,
386,
391,
394,
399,
400,
404,
405,
403,
404,
402,
395,
392,
386,
376,
369,
365,
360,
353,
353,
349,
345,
346,
343,
342,
344,
344,
342,
341,
344,
340,
339,
341,
340,
338,
341,
341,
339,
341,
342,
340,
343,
345,
342,
341,
344,
341,
341,
342,
340,
339,
340,
340,
340,
341,
339,
338,
338,
339,
339,
340,
339,
338,
339,
340,
340,
339,
338,
341,
340,
340,
342,
343,
341,
343,
342,
344,
348,
351,
352,
350,
350,
346,
344,
342,
339,
339,
341,
339,
338,
339,
338,
336,
337,
355,
394,
449,
464,
414,
360,
334,
326,
330,
339,
344,
348,
352,
350,
349,
352,
353,
352,
355,
356,
355,
358,
360,
356,
358,
361,
362,
363,
366,
367,
370,
375,
378,
379,
386,
391,
392,
395,
400,
396,
405,
410,
406,
402,
400,
395,
386,
381,
373,
364,
361,
356,
349,
347,
347,
342,
339,
341,
339,
337,
339,
339,
337,
339,
336,
335,
335,
335,
334,
336,
336,
334,
334,
336,
334,
332,
335,
333,
330,
334,
332,
330,
331,
332,
328,
329,
332,
328,
328,
330,
328,
327,
329,
328,
326,
330,
330,
326,
327,
328,
325,
326,
329,
325,
325,
327,
326,
325,
327,
326,
324,
326,
327,
326,
327,
328,
328,
328,
331,
331,
333,
338,
336,
333,
335,
333,
327,
325,
327,
325,
326,
329,
324,
323,
325,
324,
338,
379,
431,
440,
395,
338,
310,
304,
305,
312,
320,
329,
330,
331,
333,
333,
334,
337,
336,
337,
338,
339,
341,
343,
344,
344,
347,
350,
351,
353,
355,
358,
362,
367,
371,
375,
379,
383,
386,
388,
391,
392,
393,
391,
389,
382,
375,
368,
361,
356,
348,
343,
341,
340,
335,
335,
333,
331,
331,
332,
329,
329,
329,
330,
329,
331,
330,
330,
331,
332,
331,
332,
333,
331,
332,
334,
333,
332,
333,
334,
333,
334,
333,
332,
333,
335,
333,
335,
335,
334,
332,
334,
333,
332,
334,

